-9.93212312e-01  2.60981208e-02 -1.13349862e-01 2.89297329 3.03180655e-04 -9.73919050e-01 -2.26895554e-01 4.43990507 -1.16315138e-01 -2.25389823e-01  9.67300479e-01 10.72201819
0.96989309  0.01617356 -0.24299343 -2.3808166 0.01973961  0.989288    0.14463608 -4.9729258 0.24272976 -0.14507813  0.95918434 10.4484131
0.92410273 -0.00363606 -0.38212685 -2.19324425 0.00220774  0.99998884 -0.00417619 -4.19207007 0.38213777  0.00301559  0.92410044  8.91397367
0.96989309  0.01617356 -0.24299343 -2.3808166 0.01973961  0.989288    0.14463608 -4.9729258 0.24272976 -0.14507813  0.95918434 10.4484131
-9.93212312e-01  2.60981208e-02 -1.13349862e-01 2.89297329 3.03180655e-04 -9.73919050e-01 -2.26895554e-01 4.43990507 -1.16315138e-01 -2.25389823e-01  9.67300479e-01 10.72201819
0.96989309  0.01617356 -0.24299343 -2.3808166 0.01973961  0.989288    0.14463608 -4.9729258 0.24272976 -0.14507813  0.95918434 10.4484131
0.92410273 -0.00363606 -0.38212685 -2.19324425 0.00220774  0.99998884 -0.00417619 -4.19207007 0.38213777  0.00301559  0.92410044  8.91397367
